kernel_type,num_branches,run,verification_time_ns
saterm,0,1,45000
saterm,0,2,47000
saterm,0,3,48000
saterm,5,1,198000
saterm,5,2,255000
saterm,5,3,461000
saterm,10,1,251000
saterm,10,2,280000
saterm,10,3,246000
saterm,15,1,352000
saterm,15,2,348000
saterm,15,3,503000
saterm,20,1,442000
saterm,20,2,439000
saterm,20,3,444000
saterm,25,1,539000
saterm,25,2,788000
saterm,25,3,1059000
saterm,30,1,649000
saterm,30,2,1100000
saterm,30,3,655000
saterm,35,1,995000
saterm,35,2,819000
saterm,35,3,1004000
saterm,40,1,1666000
saterm,40,2,1428000
saterm,40,3,1653000
saterm,45,1,1042000
saterm,45,2,1080000
saterm,45,3,1668000
saterm,50,1,1154000
saterm,50,2,1166000
saterm,50,3,1142000
saterm,55,1,2230000
saterm,55,2,1749000
saterm,55,3,1253000
saterm,60,1,1378000
saterm,60,2,1368000
saterm,60,3,1364000
saterm,65,1,2251000
saterm,65,2,2796000
saterm,65,3,1806000
saterm,70,1,1711000
saterm,70,2,1688000
saterm,70,3,3273000
saterm,75,1,2211000
saterm,75,2,1818000
saterm,75,3,3164000
saterm,80,1,4030000
saterm,80,2,2018000
saterm,80,3,2011000
saterm,85,1,2075000
saterm,85,2,2101000
saterm,85,3,3037000
saterm,90,1,2205000
saterm,90,2,2225000
saterm,90,3,3899000
saterm,95,1,2303000
saterm,95,2,2309000
saterm,95,3,3012000
saterm,100,1,2518000
saterm,100,2,2494000
saterm,100,3,2796000
